4.243347
4.243045
4.242547
4.231463
3.968710
0.931544
-1.062515
-1.172869
-1.177384
-1.177567
-1.177574

5.885077
4.330871
3.546110
3.162677
2.799058
0.482590
-2.675995
-2.682519
-2.682520
-2.682520
-2.682520

3.794777
3.794747
3.794188
3.785311
3.646473
1.624408
-2.672756
-2.682520
-2.682520
-2.682520
-2.682520

2.415742
2.414530
2.414278
2.414116
2.412605
2.392716
2.152493
0.843718
-0.040437
-0.144813
-0.152954

3.429665
3.427303
3.426717
3.424796
3.392283
2.870052
0.142569
-0.868019
-0.936946
-0.940822
-0.941038

4.874952
4.541780
4.425378
4.347867
3.614687
-2.275774
-2.682511
-2.682519
-2.682520
-2.682520
-2.682520

2.803692
2.802116
2.801774
2.801330
2.795709
2.714527
1.829178
-0.113037
-0.522918
-0.553999
-0.556114

3.679103
3.678642
3.675483
3.650983
3.461506
2.085781
-2.105849
-2.679553
-2.682255
-2.682345
-2.682354

2.655316
2.653858
2.653517
2.652924
2.646972
2.582217
1.999872
0.292610
-0.369845
-0.445307
-0.452241

3.780618
3.770145
3.767394
3.758172
3.624528
1.716656
-2.669869
-2.682520
-2.682520
-2.682520
-2.682520

